{
 "cells": [
  {
   "cell_type": "code",
   "execution_count": 4,
   "metadata": {},
   "outputs": [],
   "source": [
    "setwd('d:/workspace/R_practice/data/R_data')"
   ]
  },
  {
   "cell_type": "code",
   "execution_count": 22,
   "metadata": {},
   "outputs": [],
   "source": [
    "library('dplyr')"
   ]
  },
  {
   "cell_type": "code",
   "execution_count": 6,
   "metadata": {},
   "outputs": [
    {
     "data": {
      "text/html": [
       "<table>\n",
       "<thead><tr><th scope=col>rating</th><th scope=col>complaints</th><th scope=col>privileges</th><th scope=col>learning</th><th scope=col>raises</th><th scope=col>critical</th><th scope=col>advance</th></tr></thead>\n",
       "<tbody>\n",
       "\t<tr><td>43</td><td>51</td><td>30</td><td>39</td><td>61</td><td>92</td><td>45</td></tr>\n",
       "\t<tr><td>63</td><td>64</td><td>51</td><td>54</td><td>63</td><td>73</td><td>47</td></tr>\n",
       "\t<tr><td>71</td><td>70</td><td>68</td><td>69</td><td>76</td><td>86</td><td>48</td></tr>\n",
       "\t<tr><td>61</td><td>63</td><td>45</td><td>47</td><td>54</td><td>84</td><td>35</td></tr>\n",
       "\t<tr><td>81</td><td>78</td><td>56</td><td>66</td><td>71</td><td>83</td><td>47</td></tr>\n",
       "</tbody>\n",
       "</table>\n"
      ],
      "text/latex": [
       "\\begin{tabular}{r|lllllll}\n",
       " rating & complaints & privileges & learning & raises & critical & advance\\\\\n",
       "\\hline\n",
       "\t 43 & 51 & 30 & 39 & 61 & 92 & 45\\\\\n",
       "\t 63 & 64 & 51 & 54 & 63 & 73 & 47\\\\\n",
       "\t 71 & 70 & 68 & 69 & 76 & 86 & 48\\\\\n",
       "\t 61 & 63 & 45 & 47 & 54 & 84 & 35\\\\\n",
       "\t 81 & 78 & 56 & 66 & 71 & 83 & 47\\\\\n",
       "\\end{tabular}\n"
      ],
      "text/markdown": [
       "\n",
       "| rating | complaints | privileges | learning | raises | critical | advance |\n",
       "|---|---|---|---|---|---|---|\n",
       "| 43 | 51 | 30 | 39 | 61 | 92 | 45 |\n",
       "| 63 | 64 | 51 | 54 | 63 | 73 | 47 |\n",
       "| 71 | 70 | 68 | 69 | 76 | 86 | 48 |\n",
       "| 61 | 63 | 45 | 47 | 54 | 84 | 35 |\n",
       "| 81 | 78 | 56 | 66 | 71 | 83 | 47 |\n",
       "\n"
      ],
      "text/plain": [
       "  rating complaints privileges learning raises critical advance\n",
       "1 43     51         30         39       61     92       45     \n",
       "2 63     64         51         54       63     73       47     \n",
       "3 71     70         68         69       76     86       48     \n",
       "4 61     63         45         47       54     84       35     \n",
       "5 81     78         56         66       71     83       47     "
      ]
     },
     "metadata": {},
     "output_type": "display_data"
    }
   ],
   "source": [
    "head(attitude,5)"
   ]
  },
  {
   "cell_type": "code",
   "execution_count": 7,
   "metadata": {},
   "outputs": [
    {
     "data": {
      "text/html": [
       "<table>\n",
       "<thead><tr><th></th><th scope=col>rating</th><th scope=col>complaints</th><th scope=col>privileges</th><th scope=col>learning</th><th scope=col>raises</th><th scope=col>critical</th><th scope=col>advance</th></tr></thead>\n",
       "<tbody>\n",
       "\t<tr><th scope=row>rating</th><td>148.17126</td><td>133.77931</td><td> 63.46437</td><td> 89.10460</td><td> 74.68851</td><td>18.84253 </td><td> 19.42299</td></tr>\n",
       "\t<tr><th scope=row>complaints</th><td>133.77931</td><td>177.28276</td><td> 90.95172</td><td> 93.25517</td><td> 92.64138</td><td>24.73103 </td><td> 30.76552</td></tr>\n",
       "\t<tr><th scope=row>privileges</th><td> 63.46437</td><td> 90.95172</td><td>149.70575</td><td> 70.84598</td><td> 56.67126</td><td>17.82529 </td><td> 43.21609</td></tr>\n",
       "\t<tr><th scope=row>learning</th><td> 89.10460</td><td> 93.25517</td><td> 70.84598</td><td>137.75747</td><td> 78.13908</td><td>13.46782 </td><td> 64.19770</td></tr>\n",
       "\t<tr><th scope=row>raises</th><td> 74.68851</td><td> 92.64138</td><td> 56.67126</td><td> 78.13908</td><td>108.10230</td><td>38.77356 </td><td> 61.42299</td></tr>\n",
       "\t<tr><th scope=row>critical</th><td> 18.84253</td><td> 24.73103</td><td> 17.82529</td><td> 13.46782</td><td> 38.77356</td><td>97.90920 </td><td> 28.84598</td></tr>\n",
       "\t<tr><th scope=row>advance</th><td> 19.42299</td><td> 30.76552</td><td> 43.21609</td><td> 64.19770</td><td> 61.42299</td><td>28.84598 </td><td>105.85747</td></tr>\n",
       "</tbody>\n",
       "</table>\n"
      ],
      "text/latex": [
       "\\begin{tabular}{r|lllllll}\n",
       "  & rating & complaints & privileges & learning & raises & critical & advance\\\\\n",
       "\\hline\n",
       "\trating & 148.17126 & 133.77931 &  63.46437 &  89.10460 &  74.68851 & 18.84253  &  19.42299\\\\\n",
       "\tcomplaints & 133.77931 & 177.28276 &  90.95172 &  93.25517 &  92.64138 & 24.73103  &  30.76552\\\\\n",
       "\tprivileges &  63.46437 &  90.95172 & 149.70575 &  70.84598 &  56.67126 & 17.82529  &  43.21609\\\\\n",
       "\tlearning &  89.10460 &  93.25517 &  70.84598 & 137.75747 &  78.13908 & 13.46782  &  64.19770\\\\\n",
       "\traises &  74.68851 &  92.64138 &  56.67126 &  78.13908 & 108.10230 & 38.77356  &  61.42299\\\\\n",
       "\tcritical &  18.84253 &  24.73103 &  17.82529 &  13.46782 &  38.77356 & 97.90920  &  28.84598\\\\\n",
       "\tadvance &  19.42299 &  30.76552 &  43.21609 &  64.19770 &  61.42299 & 28.84598  & 105.85747\\\\\n",
       "\\end{tabular}\n"
      ],
      "text/markdown": [
       "\n",
       "| <!--/--> | rating | complaints | privileges | learning | raises | critical | advance |\n",
       "|---|---|---|---|---|---|---|---|\n",
       "| rating | 148.17126 | 133.77931 |  63.46437 |  89.10460 |  74.68851 | 18.84253  |  19.42299 |\n",
       "| complaints | 133.77931 | 177.28276 |  90.95172 |  93.25517 |  92.64138 | 24.73103  |  30.76552 |\n",
       "| privileges |  63.46437 |  90.95172 | 149.70575 |  70.84598 |  56.67126 | 17.82529  |  43.21609 |\n",
       "| learning |  89.10460 |  93.25517 |  70.84598 | 137.75747 |  78.13908 | 13.46782  |  64.19770 |\n",
       "| raises |  74.68851 |  92.64138 |  56.67126 |  78.13908 | 108.10230 | 38.77356  |  61.42299 |\n",
       "| critical |  18.84253 |  24.73103 |  17.82529 |  13.46782 |  38.77356 | 97.90920  |  28.84598 |\n",
       "| advance |  19.42299 |  30.76552 |  43.21609 |  64.19770 |  61.42299 | 28.84598  | 105.85747 |\n",
       "\n"
      ],
      "text/plain": [
       "           rating    complaints privileges learning  raises    critical\n",
       "rating     148.17126 133.77931   63.46437   89.10460  74.68851 18.84253\n",
       "complaints 133.77931 177.28276   90.95172   93.25517  92.64138 24.73103\n",
       "privileges  63.46437  90.95172  149.70575   70.84598  56.67126 17.82529\n",
       "learning    89.10460  93.25517   70.84598  137.75747  78.13908 13.46782\n",
       "raises      74.68851  92.64138   56.67126   78.13908 108.10230 38.77356\n",
       "critical    18.84253  24.73103   17.82529   13.46782  38.77356 97.90920\n",
       "advance     19.42299  30.76552   43.21609   64.19770  61.42299 28.84598\n",
       "           advance  \n",
       "rating      19.42299\n",
       "complaints  30.76552\n",
       "privileges  43.21609\n",
       "learning    64.19770\n",
       "raises      61.42299\n",
       "critical    28.84598\n",
       "advance    105.85747"
      ]
     },
     "metadata": {},
     "output_type": "display_data"
    }
   ],
   "source": [
    "cov(attitude)"
   ]
  },
  {
   "cell_type": "code",
   "execution_count": 8,
   "metadata": {},
   "outputs": [
    {
     "data": {
      "text/html": [
       "<table>\n",
       "<thead><tr><th></th><th scope=col>rating</th><th scope=col>complaints</th><th scope=col>privileges</th><th scope=col>learning</th><th scope=col>raises</th><th scope=col>critical</th><th scope=col>advance</th></tr></thead>\n",
       "<tbody>\n",
       "\t<tr><th scope=row>rating</th><td>1.0000000</td><td>0.8254176</td><td>0.4261169</td><td>0.6236782</td><td>0.5901390</td><td>0.1564392</td><td>0.1550863</td></tr>\n",
       "\t<tr><th scope=row>complaints</th><td>0.8254176</td><td>1.0000000</td><td>0.5582882</td><td>0.5967358</td><td>0.6691975</td><td>0.1877143</td><td>0.2245796</td></tr>\n",
       "\t<tr><th scope=row>privileges</th><td>0.4261169</td><td>0.5582882</td><td>1.0000000</td><td>0.4933310</td><td>0.4454779</td><td>0.1472331</td><td>0.3432934</td></tr>\n",
       "\t<tr><th scope=row>learning</th><td>0.6236782</td><td>0.5967358</td><td>0.4933310</td><td>1.0000000</td><td>0.6403144</td><td>0.1159652</td><td>0.5316198</td></tr>\n",
       "\t<tr><th scope=row>raises</th><td>0.5901390</td><td>0.6691975</td><td>0.4454779</td><td>0.6403144</td><td>1.0000000</td><td>0.3768830</td><td>0.5741862</td></tr>\n",
       "\t<tr><th scope=row>critical</th><td>0.1564392</td><td>0.1877143</td><td>0.1472331</td><td>0.1159652</td><td>0.3768830</td><td>1.0000000</td><td>0.2833432</td></tr>\n",
       "\t<tr><th scope=row>advance</th><td>0.1550863</td><td>0.2245796</td><td>0.3432934</td><td>0.5316198</td><td>0.5741862</td><td>0.2833432</td><td>1.0000000</td></tr>\n",
       "</tbody>\n",
       "</table>\n"
      ],
      "text/latex": [
       "\\begin{tabular}{r|lllllll}\n",
       "  & rating & complaints & privileges & learning & raises & critical & advance\\\\\n",
       "\\hline\n",
       "\trating & 1.0000000 & 0.8254176 & 0.4261169 & 0.6236782 & 0.5901390 & 0.1564392 & 0.1550863\\\\\n",
       "\tcomplaints & 0.8254176 & 1.0000000 & 0.5582882 & 0.5967358 & 0.6691975 & 0.1877143 & 0.2245796\\\\\n",
       "\tprivileges & 0.4261169 & 0.5582882 & 1.0000000 & 0.4933310 & 0.4454779 & 0.1472331 & 0.3432934\\\\\n",
       "\tlearning & 0.6236782 & 0.5967358 & 0.4933310 & 1.0000000 & 0.6403144 & 0.1159652 & 0.5316198\\\\\n",
       "\traises & 0.5901390 & 0.6691975 & 0.4454779 & 0.6403144 & 1.0000000 & 0.3768830 & 0.5741862\\\\\n",
       "\tcritical & 0.1564392 & 0.1877143 & 0.1472331 & 0.1159652 & 0.3768830 & 1.0000000 & 0.2833432\\\\\n",
       "\tadvance & 0.1550863 & 0.2245796 & 0.3432934 & 0.5316198 & 0.5741862 & 0.2833432 & 1.0000000\\\\\n",
       "\\end{tabular}\n"
      ],
      "text/markdown": [
       "\n",
       "| <!--/--> | rating | complaints | privileges | learning | raises | critical | advance |\n",
       "|---|---|---|---|---|---|---|---|\n",
       "| rating | 1.0000000 | 0.8254176 | 0.4261169 | 0.6236782 | 0.5901390 | 0.1564392 | 0.1550863 |\n",
       "| complaints | 0.8254176 | 1.0000000 | 0.5582882 | 0.5967358 | 0.6691975 | 0.1877143 | 0.2245796 |\n",
       "| privileges | 0.4261169 | 0.5582882 | 1.0000000 | 0.4933310 | 0.4454779 | 0.1472331 | 0.3432934 |\n",
       "| learning | 0.6236782 | 0.5967358 | 0.4933310 | 1.0000000 | 0.6403144 | 0.1159652 | 0.5316198 |\n",
       "| raises | 0.5901390 | 0.6691975 | 0.4454779 | 0.6403144 | 1.0000000 | 0.3768830 | 0.5741862 |\n",
       "| critical | 0.1564392 | 0.1877143 | 0.1472331 | 0.1159652 | 0.3768830 | 1.0000000 | 0.2833432 |\n",
       "| advance | 0.1550863 | 0.2245796 | 0.3432934 | 0.5316198 | 0.5741862 | 0.2833432 | 1.0000000 |\n",
       "\n"
      ],
      "text/plain": [
       "           rating    complaints privileges learning  raises    critical \n",
       "rating     1.0000000 0.8254176  0.4261169  0.6236782 0.5901390 0.1564392\n",
       "complaints 0.8254176 1.0000000  0.5582882  0.5967358 0.6691975 0.1877143\n",
       "privileges 0.4261169 0.5582882  1.0000000  0.4933310 0.4454779 0.1472331\n",
       "learning   0.6236782 0.5967358  0.4933310  1.0000000 0.6403144 0.1159652\n",
       "raises     0.5901390 0.6691975  0.4454779  0.6403144 1.0000000 0.3768830\n",
       "critical   0.1564392 0.1877143  0.1472331  0.1159652 0.3768830 1.0000000\n",
       "advance    0.1550863 0.2245796  0.3432934  0.5316198 0.5741862 0.2833432\n",
       "           advance  \n",
       "rating     0.1550863\n",
       "complaints 0.2245796\n",
       "privileges 0.3432934\n",
       "learning   0.5316198\n",
       "raises     0.5741862\n",
       "critical   0.2833432\n",
       "advance    1.0000000"
      ]
     },
     "metadata": {},
     "output_type": "display_data"
    }
   ],
   "source": [
    "cor(attitude)"
   ]
  },
  {
   "cell_type": "code",
   "execution_count": 9,
   "metadata": {},
   "outputs": [
    {
     "data": {
      "text/plain": [
       "\n",
       "\tPearson's product-moment correlation\n",
       "\n",
       "data:  attitude$rating and attitude$complaints\n",
       "t = 7.737, df = 28, p-value = 1.988e-08\n",
       "alternative hypothesis: true correlation is not equal to 0\n",
       "95 percent confidence interval:\n",
       " 0.6620128 0.9139139\n",
       "sample estimates:\n",
       "      cor \n",
       "0.8254176 \n"
      ]
     },
     "metadata": {},
     "output_type": "display_data"
    }
   ],
   "source": [
    "cor.test(attitude$rating, attitude$complaints)"
   ]
  },
  {
   "cell_type": "code",
   "execution_count": 30,
   "metadata": {},
   "outputs": [
    {
     "data": {
      "text/plain": [
       "\n",
       "Call:\n",
       "lm(formula = rating ~ complaints + privileges + raises + 0, data = attitude)\n",
       "\n",
       "Residuals:\n",
       "    Min      1Q  Median      3Q     Max \n",
       "-11.397  -6.721   1.342   6.467  11.442 \n",
       "\n",
       "Coefficients:\n",
       "           Estimate Std. Error t value Pr(>|t|)    \n",
       "complaints  0.75379    0.14952   5.041 2.72e-05 ***\n",
       "privileges -0.01575    0.13216  -0.119    0.906    \n",
       "raises      0.23176    0.14742   1.572    0.128    \n",
       "---\n",
       "Signif. codes:  0 '***' 0.001 '**' 0.01 '*' 0.05 '.' 0.1 ' ' 1\n",
       "\n",
       "Residual standard error: 7.352 on 27 degrees of freedom\n",
       "Multiple R-squared:  0.9887,\tAdjusted R-squared:  0.9875 \n",
       "F-statistic: 790.4 on 3 and 27 DF,  p-value: < 2.2e-16\n"
      ]
     },
     "metadata": {},
     "output_type": "display_data"
    }
   ],
   "source": [
    "a = lm(rating ~ complaints + privileges + raises + 0, data = attitude)\n",
    "summary(a)"
   ]
  },
  {
   "cell_type": "code",
   "execution_count": 60,
   "metadata": {},
   "outputs": [
    {
     "data": {
      "text/plain": [
       "\n",
       "\tShapiro-Wilk normality test\n",
       "\n",
       "data:  attitude$complaints\n",
       "W = 0.97045, p-value = 0.5516\n"
      ]
     },
     "metadata": {},
     "output_type": "display_data"
    }
   ],
   "source": [
    "shapiro.test(attitude$complaints)"
   ]
  },
  {
   "cell_type": "code",
   "execution_count": 87,
   "metadata": {},
   "outputs": [
    {
     "data": {
      "text/plain": [
       "\n",
       "Call:\n",
       "lm(formula = rating ~ complaints + 0, data = attitude)\n",
       "\n",
       "Residuals:\n",
       "    Min      1Q  Median      3Q     Max \n",
       "-11.883  -6.384   2.148   5.902  12.991 \n",
       "\n",
       "Coefficients:\n",
       "           Estimate Std. Error t value Pr(>|t|)    \n",
       "complaints  0.96244    0.01998   48.17   <2e-16 ***\n",
       "---\n",
       "Signif. codes:  0 '***' 0.001 '**' 0.01 '*' 0.05 '.' 0.1 ' ' 1\n",
       "\n",
       "Residual standard error: 7.428 on 29 degrees of freedom\n",
       "Multiple R-squared:  0.9877,\tAdjusted R-squared:  0.9872 \n",
       "F-statistic:  2320 on 1 and 29 DF,  p-value: < 2.2e-16\n"
      ]
     },
     "metadata": {},
     "output_type": "display_data"
    }
   ],
   "source": [
    "a = lm(rating ~ complaints + 0, data = attitude)\n",
    "summary(a)"
   ]
  },
  {
   "cell_type": "code",
   "execution_count": 88,
   "metadata": {},
   "outputs": [
    {
     "data": {
      "image/png": "iVBORw0KGgoAAAANSUhEUgAAA0gAAANICAMAAADKOT/pAAAANlBMVEUAAAAAAP9NTU1oaGh8\nfHyMjIyampqnp6eysrK9vb3Hx8fQ0NDZ2dnh4eHp6enw8PD/AAD////xw1/KAAAACXBIWXMA\nABJ0AAASdAHeZh94AAAcMUlEQVR4nO3diXbiOBBAUbXBmM14/P8/O9hshrB4KZVK0rvnTIZM\n0lOQ5DVYcsC1ABZzoa8AkAJCAgQQEiCAkAABhAQIICRAACEBAggJEEBIgABCAgQQEiCAkAAB\nhAQIICRAACEBAggJEEBIgABCAgQQEiCAkAABhAQIICRAACEBAggJEEBIgABCAgQQEiCAkAAB\nhAQIICRAACEBAggJEEBIgABCAgQQEiCAkAABhAQIICRAACEBAggJEEBIgABCAgQQEiCAkAAB\nhAQIICRAACEBAggJEEBIgABCAgQQEiCAkAABhAQIICRAACEBAggJEEBIgABCAgQQEiCAkAAB\nhAQIICRAACEBAggJEEBIgABCAgQQEiCAkAABhAQIICRAACEBAggJEEBIgABCAgQQEiCAkAAB\nhAQIICRAACEBAggJEEBIgABCAgQQEiCAkAABhAQIICRAACEBAggJEEBIgABCAgQQEiCAkAAB\nhAQIICRAACEBAggJEEBIgACFkBxg03+fPjDjp1w+nAAjgBn++/QBQgJG+9gRIQGjfe6IkICx\nvnRESMBI3zoiJGCcrx0REjDK944ICRiFkIDlfnRESMAIvzoiJOC3nx0REvDT744ICfhlREeE\nBPwwpiNCAr4b1REhAV+N64iQgG9GdkRIwBdjOyIkZObfv3/jP3l0R4SErPQVjU5pfEeEhKz8\nG7z9aUJHhISc/Hv591dTOiIk5GRKSJM6IiTkZEJI0zoiJGRl9DHSxI4ICVkZu2o3tSNCQmZG\n7SNN7oiQgD+md0RIwKsZHRES8GJOR4QEPJvVESEBT+Z1REjA0MyOCAkYmNsRIQEPszsiJOBu\nfkeEBNws6IiQgKslHREScLGoI0ICess6IiSgs7AjQgLa5R0REiDQESEBAh0REiDQESEhexId\nERJyJ9IRISFzMh0REvIm1BEhIWtSHREScibWESEhY3IdERLyJdgRISFbkh0REnIl2hEhIVOy\nHRESEjLhFcuFOyIkJGPKK5ZLd0RISMaEVywX74iQkAp/rw87BiEhEeND8tARISEVo0Py0REh\nIRkjj5G8dERISMa4VTs/HRESEjJiH8lTR4SErPjqiJCQE28dERIy4q8jQkI+PHZESDBswkmo\nIyzv6Mv1ISRYNeUk1BEWd/T1+hASrJpwEuoYy0MavP2DkGDUhJNQxxDq6NP1ISQYJRuSwAHS\ny7+fERKMEg1JYMGOkBAnwWMkkYVvO8dIx23pOmV19DUC6ZBbtZPZQLKyates3MPaywikRWgf\nSWwj1sY+UuWKfd1fOh0KV/kYAfzl84SGO8WQClffL9eu8DEC+EOlI82QnPv0jtgI4JVOR9wj\nIW1KHSkfIx1O/SWOkaBEqyPV5e/1YNVu1XgZAQypdaS8j1T1+0hFuWUfCQr0OuLMBqRLsSND\nIbkhPyOQFc2OVEM6bVyxbdvdyhVflxq4R4IA1Y5UTxEquvua3ZZThKBAtyPd5e/z/VBVuE3T\nNhXL3/BKuSPdDdn+T7t+4ZsNWfik3ZH+KULXhQROEYJH6h2FuEfq3jbcI8Ef/Y5CHCNVzfWy\n/AigDdIRq3ZIToiO2EdCaoJ0ZOjMBuURSFSYjggJaQnUESEhKaE6IiSkJFhHhISEhOuIkJCO\ngB0REpIRsiNCQiqCdkRISETYjggJaQjcESEhCaE7IiSEYe0Fy5ciJARg7QXLlyMkBCD7guUG\nOiIkBGDtdZYFEBL0WXudZQGEBH2SIdnoiJAQgtwxkpGOCAkhiK3aWemIkBCGzD6SmY4ICRGz\n0xEhIV6GOiIkRMtSR4SEWJnqiJBgzNhVCFsdERJMGb0ubqwjQoIpY3dqrXVESLBk7LlD5joi\nJFgyMiR7HRESLBkXksGOCAmmjDlGstgRIcGUEat2JjsiJBjzax/JZkeEhLgY7YiQEBWrHRES\nYmK2I0JCROx2REiIh+GOCAnRsNwRISEahGRxBGJjuiNCQiRsd0RIiIPxjggJUbDeESEhBuY7\nIiREwH5HhAT7IuiIkGBeDB0REqyLoiNCgnFxdERIsC2SjggJpsXSESHBsmg6IiQYFk9HhAS7\nIuqIkGBWTB0REqyKqiNCglFxdURIsCmyjggJJsXWESHBoug6IiQYFF9HhAR7vHY09lXTJyIk\nWOOzo9Gvmj4VIcEYv/dHg7eiCAm2KHTkoyRCgil+1xkICXnwvF5HSMiC93VvjpGQAf/7R6za\nIX0q+7DsIyFxEZ7P8EBIMCLqjggJRsTdESHBhsg7IiSYEHtHhAQLou+IkGBA/B0REsJLoCNC\nQnApdERICC2JjggJgaXRESEhrEQ6IiQElUpHhISQkumIkBBQOh0REsJJqCNCQjDyHXn6pb0x\nCAmBiHfk7dfIxyAkhOHh/mjwVh0hIQhfHYUqiZAQgod1BkIKMgIh+VivI6QgIxCQn3VvjpFC\njEA4nvaPWLULMQLB+NuHZR9JfwRCSel8hgdCgq40OyIk6Eq0I0KCqlQ7IiTMN/3Y/tFRwHUB\nLwgJM81Ybb53FHSl2gtCwkzT9z8H90eT/6x1hIR5ZpyR87hDmv5nrSMkzDM9htc7JELyjpDs\nmxzDYMGOkGb+EYMjsNTE45ynhW+Okeb9kavjtnSdsjr6GgE101benjeQWLWb90d6zco9rL2M\ngKoJe0F/NmLZR5r9U165Yl/3l06HwlU+RsCoZE9ouFMMqXD1/XLtCh8jYFP6HWmG5Nynd8RG\nwKQMOuIeCd7l0JHyMdLh1F/iGCknWXSkuvy9HqzarRovI2BOHh0p7yNV/T5SUW7ZR8pFJh1x\nZgO8yqUjQyG5IT8joC2bjlSXv4sfD+iWj4At+XSku4/kyq9LDMtHwJSMOtINqVv1HpUSIaUg\np46Uz2xoSuc2B38jYEhWHamfIlR3C+Dlrv5+x0RI8curowDn2tVV8XNhjpCil1lHYU5arXfl\nipCSlltHwc7+9jMCRmTXESElLNwvoebXkaEzG5RHJC/g0yJk2BEhJSvcE/Xk2BEhpSrcU8dl\n2REhpSpYSHl2REipChVSph0RUrLCHCPl2hEhJSvIql22HRFSwvT3kfLtiJAgJ+OOCAlicu6I\nkCAl644ICUKsdaR8hEhIEGGsI/U1S0KCBGMd6e+iERIE2OxIsyRCwnLWOiIkvRGQY64jQtIb\nATH2OuIYSW8EpFjsiFU7tREQYrKjln0krRGQYbUjbYSEJejoipCwAB3dEBLmo6M7Qorf8LBa\n9RCbjh4IKXbDhV7dRV86GiCk2P378NY7OhoipMgNT4ZRPTGGjp4QUuRChURHzwgpcoFCoqMX\nhBS7IMdIdPSKkGIXYtWOjv4gpPip7yPR0V+EhKno6A1CwkR09A4hYRo6eouQMAkdvUdImMJ/\nR+Fei30RQsIE3jsK+FrsyxASxlO4Pxq8jQohYTz/d0gv/44HIWE0rTskQpJCSBYpLNgRkixC\nMkhl4ZtjJFGEZI/OBhKrdqIIyRy1jVj2kQQRkjWc0PADIWEEOvqFkPAbHf1ESPiJjn4jpPj5\nPjz/2FGk6wJeEFLsvC8Yf+oo2pVqLwgpdr63MD/fH3keHBdCipzvk2p+dERJV4QUOc8/z5/X\nGQjpCSFFzu/P85f1OkJ6Qkix83mo8nXdm2OkIUKKncfFs+/7R6zaDRFS/Hxt5/zch2Uf6YGQ\n8AHnM0xBSHiPjiZZGJJ7WFdiV4qQwqOjaeRCcq4Iea0i4fuwQur/T0cTLX1otykO57eHwh3b\n0ondJ6Uaku+FLrH/Px1NtTCkytX9v2u3bhu3krlOCYc0eGv5/09Hky1+aDe44MR+/hMNyffJ\nAFL/fzqabmFIxf0eqSCknyIJiY5mWPzQ7naMVLX788O7cNcqBnGEREdzLF1sWN8Wv7s7pF3A\naxWFGI6R6GiWxRuyh/KcUdndLbmtzFX6MyIdEaza0dE8nNmgy/o+Eh3NREgYoKO5CAkPdDTb\n0pC2q9sJQlLX6M8IaKGj+RaGtH2caSd2lVpCCoOOFli8ISu25P1pRLqC/V7c+8F0tITUKUKy\ncggp2G9qfxhMR4ssDKl0jdhV+TAiVcGeO+T9YDpaZmFIp2J9FLsu70ckKtizWb0fTEcLyf1i\nn9hVaglJfTAdLUVIgZgKiY4WY0M2FEPHSHS0HCGFYmfVjo4ELAjp8kuxPLSbzcg+Eh1JIKTc\n0ZEIHtpljo5kEFLe6EiI1ClChdyzQ7aEpIaOpAiFdOIYKUZ0JGZBSIen5ysWe3LImdcK09GR\nnCX3SKthR6Kn3BGSBjoSxK9RZIuOJLFqlys6EiUV0rFcek1+joAkOpK1NKSKMxuiREfCFj/3\n981B7Cq1hOQdHUlb/OQn+3btTqe1Y9UuInQkTmDVbnu+N6rlXonidQTE0ZE8gZAO3VNycYwU\nDzryYPGzCO3bk1u1R0KKBh35sDCkQxdQ/xpJG7Gr1BKST3TkxeLn/u7e2zi5FzT/OwIC7r8U\nS0d+cGZDDh5P00BHniw9RpK9J3o3AsvdnziIjnzhpNUMPJ7KjpB8WRjSiuf+jsA9JDryZmFI\nTclzf9t3C4mO/FF9yuLjtuw/tax+1EdIsi4l0ZFHiiE1w9+o/X5GESHJuizYBXo6yjwoLn9X\nrtjX/aXTofi+8URI0v5xfOSXYkiFq++Xa/f16bsISRwd+aUYkhu/bk5I0ujIM+6RskBHvuke\nIx1O/SWOkZTRkXea59qth8+D93Ujl5BE0ZF/qietHqt+H6kot+wjKaIjBZz9nTw60mAnpKdn\nEvczIkt0pEIzpKbqluq2K+fWe08j8IqOdCiGdCrO9zRNwSlCmuhIiWJIG1c25zeb07mpDcvf\nKuhIi+qZDc31zflRHhuyGuhIjfYpQoUbvCM+Ak/oSI/qQ7u6e9ah/jyh5vtBEiFJoCNFiiHV\nrqjqtizOJR1W3590n5AE0JEmzeXvQ/HYKNr6GYE7OlKluyG73/S/JVtuT95G4IKOdNk5s0F5\nROLoSBkhJYmOtBFSiuhIHSEliI70EVJ66CgAQkoOHYVASKmhoyAIKTF0FAYhpYWOAiGkpNBR\nKISUEjoKhpASQkfhEFI6RDu6vww6RiGkZEh29HgZdIxDSKmQvT8avMUYhJQIDx1R0gSElAbZ\ndQZCmoyQkiC8XkdIkxFSCsTXvTlGmoqQEiC/f8Sq3VSEFD8v+7DsI01DSNHjfAYLCCl2dGQC\nIUWOjmwgpLjRkRGEFDU6soKQYkZHZhBSxOjIDkKKFx0ZQkjRoiNLCClWdGQKIUWKjmwhpDjR\nkTGEFCU6soaQYkRH5hBShOjIHkKKDx0ZREjRoSOLCCk2dGQSIUWGjmwipMgQkk2EFBc6MoqQ\nokJHVhFSTOjILEKKCB3ZRUjxoCPDCCkadGQZIcWCjkwjpEjQkW2EFAc6Mo6QokBH1hFSDOjI\nPEKKAB3ZR0j20VEECMk8OooBIVlHR1EgJOPoKA6EZBsdRYKQTKOjWBCSZXQUDUIyjI7iQUh2\n0VFECMksOooJIVlFR1EhJKPoKC6EZBMdRYaQTKKj2BCSRXQUHUIyiI7iQ0j20FGECMkcOooR\nIVlDR1EiJGPoKE6EZAsdRYqQTKGjWBGSJXQULUIyJHRH//79C3wN4kVIdgTuqK+IlGYiJDOC\n3x8N3mIqQrLCRkeUNBMhGRG6I0JahpBsCN4RIS1DSCaE74hjpGUIyQILHbFqtwghGWCio5Z9\npCUIKTwrHWEBQgqOjlJASKHRURIIKTA6SgMhhUVHiSCkoOgoFYQUEh0lg5ACoqN0EFI4dJQQ\nQgqGjlJCSKHQUVIIKRA6SgshhUFHiSGkIOgoNYQUAh0lh5ACoKP0EJI+OkoQIamjoxQRkjY6\nShIhaSOkJBGSMjpKEyHpoqNEEZIqOkqVakjHbek6ZXX0NcI2OkqWYkjNyj2svYwwjo7SpRhS\n5Yp93V86HQpX+RhhGx0lTDGkwtX3y7UrfIwwjY5SphiSc5/eERthGR0ljXskJXSUNt1jpMOp\nv+T3GMnkaypIdGTyhuFCc/l7PVi1WzVeRlh9lR+BjmzeMFzp7iNV/T5SUW797SOZfN05kfuj\nwVuYk9qZDSZfCVWuI2M3DHd2QnJDs/8vFn/eRNYZLN4wPOiHtFs5Vx58jTD48yazXmfwhmFA\nfR/puuLwddEuqWMkqXVvczcMQ9ohVa5q2vZUuZ2PEa29xS2x/SNrNwxPtEMqXL/u3biVjxE9\nU9stkvuwpm4YnmmHdFtHyOQUIc5nyIV2SJtbSFmcIkRH2VANqdzuDm5/vthUWfwaBR3lQzWk\n+x6Rc4WvU4QMoaOMaO4j1fVuV5b9kkP1taM0QqKjnNg5s0F5hHd0lBVC8oSO8kJIftBRZgjJ\nCzrKDSH5QEfZISQP6Cg/hCSPjjJESOLoKEeEJI2OskRIwugoT4Qki44yRUiixDvil/kiQUiS\npDvi18ujQUiC5O+PBm9hGiHJ8dQRJcWAkMTIrzMQUjwISYqH9TpCigchCfGy7s0xUjQISYaf\n/SNW7aJBSCK87cOyjxQJQpLA+QzZIyQBdARCWo6OQEjL0REIaTk6QktIi9EROoS0DB2hR0iL\n0BEuCGkJOsIVIS1AR7ghpPnoCHeENBsd4YGQ5qIjDBDSTHSEIUKah47whJBmoSM8I6Q56Agv\nCGkGOsIrQpqOjvAHIU1GR/iLkCYjJPxFSFPREd4gpInoCO8Q0jR0hLcIaRI6wnuENAUd4QNC\nmoCO8AkhjUdH+IiQRqMjfEZIY9ERviCkkegI3xDSOHSErwhpFDrCd4Q0Bh3hB0IagY7wCyH9\nRkf4iZB+oiP8Rki/0BFGIKQf6AhjENJ3dIRRCOkrOsI4hPQNHWEkQvqCjjAWIX1GRxiNkD6i\nI4xHSJ/QESYgpA/oCFMQ0nt0hEkI6S06wjSE9A4dYSJCeoOOMBUh/UVHmIyQ/qAjTEdIr+gI\nMxDSCzrCHIT0TKqjf//+ef18GENIT4Q66quYkMbUz4c5hDQkdn80eOvj82EOIQ3IdjS+jKmf\nD3sI6UFsnYGQ8kNId3LrdYSUH0K6kVz35hgpO4R0Jbp/xKpddgjpQnofln2kzBBSj/MZsAwh\ndegICxFSS0dYjpDoCAIIiY4ggJDoCAKyD4mOICH3kOgIIjIPiY4gI++Q6AhCsg6JjiAl55Do\nCGIyDomOICffkOgIgrINiY4gKdeQ6AiiMg2JjiArz5DoCMKyDImOIC3HkOgI4ggJEJBhSHQE\nefmFREfwQDWk47Z0nbI6+hrxEx3BB8WQmpV7WHsZ8RsdwQvFkCpX7Ov+0ulQuMrHiJ/oCH4o\nhlS4+n65doWPEb/QETxRDMm5T++IjfiBjuBLTvdIdARvdI+RDqf+0uxjpEWv2UBH8Edz+Xs9\nWLVbNdNHLHsVITqCR7r7SFW/j1SU21n7SIte146O4FNEZzYseqVVOoJXdkJyQ+8+YUlIdAS/\ngoT0fe3704gFIdERPIsopPnHSHQE31Q3ZH8+evs+Yu6qHR3BO8WQjsXCkGbuI9ER/NN8aNeU\nbt3vyM58aDcPHUGB7jHS3rl9qxsSHUGD8mLDae3KRjMkOoIK9VW7rSsOeiHREXToL3/Xqx8r\nDctH3NERlITYR9pohURH0GLnFCH5EXQENQmHREfQk25IdARFyYZER9CUakh0BFWJhkRH0JVm\nSHQEZUmGREfQlmJIdAR1CYZER9CXXkh0hACSC4mOEILRkGb7b/4fBRaY8VMuH46sUFcw2BeG\nwVHOJSRjcxkc51xCMjaXwXHOJSRjcxkc51xCMjaXwXHOJSRjcxkc51xCMjaXwXHOJSRjcxkc\n51xCMjaXwXHOJSRjcxkc51xCMjaXwXHOJSRjcxkc51zzIQExICRAACEBAggJEEBIgABCAgQQ\nEiCAkAABhAQIICRAACEBAggJEEBIgABCAgQQEiCAkAABlkM6Xq9cVbiianRmDp9EXXNu29Yb\n5zYn9cFPzxuveoubwTTVwedh68P9otBcwyE1xeXKrfvv80plZj34qdKc27aHflrRaA++dVRo\nDz4Vl7kn7cGXYdvHRZG5hkMqLz/PR1fUbV24o8bM2pW3i6pz27Y4T2tKV6kP7h26abqDN91t\nbSu3UR68c+umbTaulp1rN6T97eGGO/TvbTWG7h5jVOee53Q/Vk13x6A7uNcU3d8fuoOvj5+7\nf6kOXvfdnLqvt+RcsyGd3PrypS5dd+c/uKvwaed2t4uqc9v+b8gQg68jG/XB1wfu3V8dqoNv\nAa9l55oNae1Ol5s8+JvLv9IdNufDT/W57cq128JtGvXBndoFuMXb60O7rfLgwTDJuVZD2rp9\nGySk3lp77nlMeTvk1w/pcoekPXjXrTYUO+3Bq/5u6JhJSP3dbYCQ3Lnftqm6B3jaIXWLDRv1\nv587dXfA36oP3t5Xz1QHb13ZtPU6k5BW3TpwgJAumm5FVDuk7hjppD+4vR1zaw/edQ/tzn91\nqP+d1S+7l3mEtOm/tZcbWOiH1A/TnTv4nqrf4OtA5cGr/vFk/3eW7uBzvMVW/CttM6Th67Rf\nllZOmotYrf7c8vE91b7B91Ur3cEu3C1uuxu9kp1rP6Rtf+90uCws+Vb0f032X1rVuddpp26Z\nQ3fwYMlfd/Dl7qDfOQvwLd5Jf4tthnQR4MyGqn/g3h806O7zn4+O+v32vf6ZDeVtC0t38PlL\n3Vy/4Mrf4u5cipX0V9p+SOcH07cVaf+aywlglfbc2xrWWn/w9WBFf/A6zC2+fotL4bkRhHQ5\nS1hpZjdstdOfe36Esb5NUx78ONZWHvyYpjr4tDlndJCeazkkIBqEBAggJEAAIQECCAkQQEiA\nAEICBBASIICQAAGEBAggJEAAIQECCAkQQEiAAEICBBASIICQAAGEBAggJEAAIQECCAkQQEiA\nAEICBBASIICQAAGEBAggJEAAIQECCAkQQEiAAEICBBASIICQAAGEFLOXF7Z/efegeVVyR0gx\n+xrSiu+tIr7YMXPfvn1fPwhhfLFjRkhm8MW2pSrc+tRf2q2uL69+DmLriu35Y85Vl/er62tx\n960cSjd417lT2X9298L3/YfXzq05XPKNkExZdz/9RXO75NZtV8S2u3jo/0t1f//yobbt37kn\ndv6n6N7d3kLaXT68C3u70kdIluzdumk3XRR7V9RtXbh9l8b5P+6ub4s+lceHun/23ad338jL\nu/3nrW4P7QpXdx9eBb5lySMkS0p3bNumq6V03aOxQ3e/47r/2D1ka2+pXD5UDg+DBiEd75cu\nH+BhnQZCsuQljOcgnt8fXDwdtutBSM8fPB9YlXWteBsyRUiWzArpcjT1KaR22x0zFSfFW5El\nQrJkTkgbt9odTp9DOj8KrFYcI/lGSJas/xwjle9COvYf2gx6+RpS+3wZPvAFtmTXLblVf1bt\nug8NA7l86PDoqn5/jNQ9nltdFvW4R/KMkEx5v4/Uts+B9B8rr+9Wl0Ok7m7qOaSV6+7a9veP\nwidCsqVbZLue2VA8zmxoXx6ylcMPbc5lHe8PAh+fd1x1IV3ObKAj3wgpOhzvWMQ3JTqEZBHf\nlOgQkkV8U6JDSBbxTQEEEBIggJAAAYQECCAkQAAhAQIICRBASIAAQgIEEBIggJAAAYQECCAk\nQAAhAQIICRBASIAAQgIEEBIggJAAAYQECCAkQAAhAQIICRBASIAAQgIEEBIggJAAAf8Da8ad\nl1TKWlUAAAAASUVORK5CYII=",
      "text/plain": [
       "plot without title"
      ]
     },
     "metadata": {},
     "output_type": "display_data"
    }
   ],
   "source": [
    "plot(rating~complaints, data = attitude, col = 'blue')\n",
    "abline(a, col = 'red')"
   ]
  },
  {
   "cell_type": "code",
   "execution_count": 89,
   "metadata": {},
   "outputs": [
    {
     "data": {
